[MidiInPiano]
sl1=0
sl2=0
sl3=0
sl4=0
slm2=0
slm3=0
slm4=0
sldecrement=42
HideWindow=0
sl5=57
sl6=0
slm5=0
slm6=0
sltotalvolume=25
MidiDevice=3
ASIOIndex=1
RememberASIOIndex=0
FilterSpeed=29
Attack=0
Modulation=0
Detune=0
Echo=0
BaseKeyboard=11
CheckSaw=0
Garmonic5=1.000000000000
Garmonic6=5.000000000000
ModulationParam1=50
ModulationParam2=0
Garmonic0=0.000000000000
GarmonicAmplitude0=0.040000000000
Garmonic1=1.000000000000
GarmonicAmplitude1=0.800000000000
Garmonic2=0.000000000000
GarmonicAmplitude2=0.020000000000
Garmonic3=0.000000000000
GarmonicAmplitude3=0.020000000000
Garmonic4=0.000000000000
GarmonicAmplitude4=0.000000000000
GarmonicAmplitude5=0.000000000000
GarmonicAmplitude6=0.000000000000
Garmonic7=0.000000000000
GarmonicAmplitude7=0.020000000000
Garmonic8=0.000000000000
GarmonicAmplitude8=0.020000000000
Garmonic9=0.000000000000
GarmonicAmplitude9=0.020000000000
Garmonic10=0.000000000000
GarmonicAmplitude10=0.020000000000
Garmonic11=0.000000000000
GarmonicAmplitude11=0.060000000000
Garmonic12=0.000000000000
GarmonicAmplitude12=0.000000000000
Garmonic13=0.000000000000
GarmonicAmplitude13=0.000000000000
Garmonic14=0.000000000000
GarmonicAmplitude14=0.000000000000
Garmonic15=0.000000000000
GarmonicAmplitude15=0.060000000000
Garmonic16=0.000000000000
GarmonicAmplitude16=0.040000000000
Garmonic17=0.000000000000
GarmonicAmplitude17=0.040000000000
Garmonic18=0.000000000000
GarmonicAmplitude18=0.040000000000
Garmonic19=0.000000000000
GarmonicAmplitude19=0.040000000000
Garmonic20=0.000000000000
GarmonicAmplitude20=0.040000000000
Garmonic21=0.000000000000
GarmonicAmplitude21=0.040000000000
Garmonic22=0.000000000000
GarmonicAmplitude22=0.040000000000
Garmonic23=0.000000000000
GarmonicAmplitude23=0.000000000000
Garmonic24=0.000000000000
GarmonicAmplitude24=0.060000000000
Garmonic25=0.000000000000
GarmonicAmplitude25=0.060000000000
Garmonic26=0.000000000000
GarmonicAmplitude26=0.060000000000
Garmonic27=0.000000000000
GarmonicAmplitude27=0.060000000000
Garmonic28=0.000000000000
GarmonicAmplitude28=0.040000000000
Garmonic29=0.000000000000
GarmonicAmplitude29=0.040000000000
Garmonic30=0.000000000000
GarmonicAmplitude30=0.040000000000
Garmonic31=0.000000000000
GarmonicAmplitude31=0.000000000000
Garmonic32=0.000000000000
GarmonicAmplitude32=0.000000000000
Garmonic33=0.000000000000
GarmonicAmplitude33=0.020000000000
Garmonic34=0.000000000000
GarmonicAmplitude34=0.020000000000
Garmonic35=0.000000000000
GarmonicAmplitude35=0.020000000000
Garmonic36=0.000000000000
GarmonicAmplitude36=0.020000000000
Garmonic37=0.000000000000
GarmonicAmplitude37=0.020000000000
Garmonic38=0.000000000000
GarmonicAmplitude38=0.040000000000
Garmonic39=0.000000000000
GarmonicAmplitude39=0.040000000000
Garmonic40=0.000000000000
GarmonicAmplitude40=0.040000000000
Garmonic41=0.000000000000
GarmonicAmplitude41=0.040000000000
Garmonic42=0.000000000000
GarmonicAmplitude42=0.040000000000
Garmonic43=0.000000000000
GarmonicAmplitude43=0.040000000000
Garmonic44=0.000000000000
GarmonicAmplitude44=0.060000000000
Garmonic45=0.000000000000
GarmonicAmplitude45=0.060000000000
Garmonic46=0.000000000000
GarmonicAmplitude46=0.040000000000
Garmonic47=0.000000000000
GarmonicAmplitude47=0.040000000000
Garmonic48=0.000000000000
GarmonicAmplitude48=0.000000000000
Garmonic49=0.000000000000
GarmonicAmplitude49=0.020000000000
SqrWaveToSin=0
