[MidiInPiano]
Garm0=0.000000000000
GarmAmpl0=0.000000000000
Garm1=1.000000000000
GarmAmpl1=0.680000000000
Garm2=1.000000000000
GarmAmpl2=0.660000000000
Garm3=1.000000000000
GarmAmpl3=0.560000000000
Garm4=1.000000000000
GarmAmpl4=0.420000000000
Garm5=0.000000000000
GarmAmpl5=0.000000000000
Garm6=0.000000000000
GarmAmpl6=0.000000000000
Garm7=0.000000000000
GarmAmpl7=0.000000000000
Garm8=0.000000000000
GarmAmpl8=0.000000000000
Garm9=0.000000000000
GarmAmpl9=0.000000000000
Garm10=0.000000000000
GarmAmpl10=0.000000000000
Garm11=0.000000000000
GarmAmpl11=0.000000000000
Garm12=0.000000000000
GarmAmpl12=0.000000000000
Garm13=0.000000000000
GarmAmpl13=0.000000000000
Garm14=0.000000000000
GarmAmpl14=0.000000000000
Garm15=0.000000000000
GarmAmpl15=0.000000000000
Garm16=0.000000000000
GarmAmpl16=0.000000000000
Garm17=0.000000000000
GarmAmpl17=0.000000000000
Garm18=0.000000000000
GarmAmpl18=0.000000000000
Garm19=0.000000000000
GarmAmpl19=0.000000000000
Garm20=0.000000000000
GarmAmpl20=0.000000000000
Garm21=0.000000000000
GarmAmpl21=0.000000000000
Garm22=0.000000000000
GarmAmpl22=0.000000000000
Garm23=0.000000000000
GarmAmpl23=0.000000000000
Garm24=0.000000000000
GarmAmpl24=0.000000000000
Garm25=0.000000000000
GarmAmpl25=0.000000000000
Garm26=0.000000000000
GarmAmpl26=0.000000000000
Garm27=0.000000000000
GarmAmpl27=0.000000000000
Garm28=0.000000000000
GarmAmpl28=0.000000000000
Garm29=0.000000000000
GarmAmpl29=0.000000000000
Garm30=0.000000000000
GarmAmpl30=0.000000000000
Garm31=0.000000000000
GarmAmpl31=0.000000000000
Garm32=0.000000000000
GarmAmpl32=0.000000000000
Garm33=0.000000000000
GarmAmpl33=0.000000000000
Garm34=0.000000000000
GarmAmpl34=0.000000000000
Garm35=0.000000000000
GarmAmpl35=0.000000000000
Garm36=0.000000000000
GarmAmpl36=0.000000000000
Garm37=0.000000000000
GarmAmpl37=0.000000000000
Garm38=0.000000000000
GarmAmpl38=0.000000000000
Garm39=0.000000000000
GarmAmpl39=0.000000000000
Garm40=0.000000000000
GarmAmpl40=0.000000000000
Garm41=0.000000000000
GarmAmpl41=0.000000000000
Garm42=0.000000000000
GarmAmpl42=0.000000000000
Garm43=0.000000000000
GarmAmpl43=0.000000000000
Garm44=0.000000000000
GarmAmpl44=0.000000000000
Garm45=0.000000000000
GarmAmpl45=0.000000000000
Garm46=0.000000000000
GarmAmpl46=0.000000000000
Garm47=0.000000000000
GarmAmpl47=0.000000000000
Garm48=0.000000000000
GarmAmpl48=0.000000000000
Garm49=0.000000000000
GarmAmpl49=0.000000000000
Garmonic5=1.200000000000
Garmonic6=5.000000000000
CheckSaw=0
BaseKeyboard=31
FilterSpeed=10
Attack=12
Modulation=88
Detune=33
FilterSpeed2=100
ModulationParam1=88
ModulationParam2=22
SqrWaveToSin=77
EchoTime=22
EchoDecay=55
MidiDevice=2
sl1=2
sl2=0
sl3=39
sl4=0
sl5=0
sl6=0
slm2=0
slm3=0
slm4=0
slm5=0
slm6=0
sldecrement=74
sltotalvolume=12
ASIOIndex=1
RememberASIOIndex=1
GarmonicMode=0
UseVelocity=1
NoSustain=0
PianoMouseClick=1
CtrlKeyUse=0
CheckFilter1=0
CheckFilter2=1
EditBaseA=440
RezMax2=6
RezMin2=-1
